# Blender 3.4.1
# www.blender.org
o Cube
v 0.294542 1.089753 0.461309
v 1.041939 0.398428 0.465385
v 1.045918 0.394747 -0.473030
v -0.113667 -1.413141 1.000000
v 0.306936 1.078289 -0.488895
v -0.113667 -1.413141 -1.000000
v -0.412459 1.026770 -0.433476
v -0.413054 1.026126 0.441974
v -0.989482 0.402946 0.477625
v -0.976168 0.417340 -0.447746
v -1.146061 1.705335 -0.433476
v -1.499449 1.691388 -0.187786
v -1.499714 1.691102 0.202287
v -1.146657 1.704692 0.441974
v -1.733058 1.438831 0.216719
v -1.723084 1.081511 0.477625
v -1.727155 1.445213 -0.193550
v -1.709770 1.095906 -0.447746
v 0.147564 1.225704 0.723966
v 0.147564 1.225704 -0.723966
v 1.210502 0.242511 0.723966
v 1.225704 -0.147564 1.000000
v 1.210502 0.242511 -0.723966
v 1.225704 -0.147564 -1.000000
v 1.198168 1.795817 0.281352
v 0.940457 1.788056 0.461309
v 1.687854 1.096731 0.465385
v 1.678670 1.351364 0.283973
v 1.681125 1.349093 -0.295180
v 1.691833 1.093051 -0.473030
v 0.952851 1.776592 -0.488895
v 1.205821 1.788739 -0.305384
v -1.279996 -0.209291 1.000000
v -1.260856 0.109561 0.812232
v -1.260950 0.109460 -0.807659
v -1.279996 -0.209291 -1.000000
v -0.380283 1.061556 0.811650
v -0.066821 1.145708 0.928266
v -0.380283 1.061556 -0.807253
v -0.066821 1.145708 -0.928266
v -0.573654 0.252744 0.967228
v -0.348192 0.476982 0.954656
v -0.159780 0.225633 0.956221
v -0.252721 0.136566 0.961311
v -0.381218 0.265804 0.961404
v -0.509536 0.141161 0.968477
v -0.579728 0.246860 0.753352
v -0.354266 0.471097 0.740780
v -0.165853 0.219748 0.742345
v -0.258795 0.130682 0.747435
v -0.387292 0.259920 0.747528
v -0.515609 0.135276 0.754601
v 0.257225 0.113307 0.969397
v 0.205132 0.205085 0.969452
v 0.336107 0.438809 0.964055
v 0.566137 0.156684 0.979118
v 0.473783 0.133097 0.977950
v 0.351954 0.240465 0.973001
v 0.262651 0.104843 0.707530
v 0.210558 0.196621 0.707585
v 0.341533 0.430345 0.702188
v 0.571563 0.148220 0.717251
v 0.479209 0.124632 0.716083
v 0.357380 0.232000 0.711134
v -0.667839 -0.379157 1.000000
v -0.296118 -0.842463 1.000000
v 0.177157 -0.862651 1.000000
v 0.584282 -0.376676 1.000000
v -0.667839 -0.379157 0.759240
v -0.296118 -0.842463 0.759240
v 0.177157 -0.862651 0.759240
v 0.584282 -0.376676 0.759240
v -0.968595 0.652803 0.469326
v -0.677951 0.966833 0.451356
v -1.121549 1.395060 0.450804
v -1.273687 1.379951 0.455609
v -1.430494 1.230693 0.464682
v -1.435159 1.064161 0.469949
v 0.540170 1.109119 0.461978
v 1.009240 0.640228 0.464631
v 1.345119 1.037685 0.464538
v 1.321228 1.273944 0.463825
v 1.093038 1.493914 0.462557
v 0.916814 1.496928 0.462031
v -0.972275 0.647976 0.181472
v -0.681630 0.962007 0.163502
v -1.125229 1.390233 0.162950
v -1.277366 1.375124 0.167754
v -1.434174 1.225866 0.176828
v -1.438839 1.059334 0.182095
v 0.536491 1.104292 0.174123
v 1.005560 0.635401 0.176777
v 1.341439 1.032858 0.176683
v 1.317548 1.269117 0.175971
v 1.089358 1.489088 0.174702
v 0.913135 1.492101 0.174176
s 0
f 36 24 6
f 24 4 6
f 1 31 5
f 9 35 34
f 8 37 39
f 21 38 22
f 10 11 7
f 21 3 2
f 13 17 15
f 9 78 16
f 9 18 10
f 12 14 11
f 15 14 13
f 15 18 16
f 17 11 18
f 7 14 8
f 23 40 20
f 23 22 24
f 20 38 19
f 4 66 33
f 5 30 3
f 5 20 1
f 28 32 25
f 3 27 2
f 25 27 28
f 32 30 31
f 25 31 26
f 28 30 29
f 82 27 26
f 33 35 36
f 39 38 40
f 36 39 40
f 33 37 34
f 33 6 4
f 48 51 49
f 42 54 38
f 42 49 43
f 46 51 52
f 43 50 44
f 41 48 42
f 46 47 41
f 45 50 51
f 55 22 38
f 22 57 53
f 53 64 59
f 64 61 59
f 57 62 63
f 55 60 61
f 53 60 54
f 57 64 58
f 55 62 56
f 72 70 71
f 68 53 46
f 68 71 67
f 66 69 65
f 65 72 68
f 67 70 66
f 88 90 86
f 75 74 14
f 76 89 88
f 80 1 2
f 79 96 84
f 93 95 91
f 81 94 93
f 74 85 73
f 77 90 89
f 83 94 82
f 74 87 86
f 79 92 91
f 73 90 78
f 84 95 83
f 75 88 87
f 80 93 92
f 36 40 24
f 24 22 4
f 1 26 31
f 9 10 35
f 39 35 10
f 39 10 7
f 9 34 37
f 39 7 8
f 8 9 37
f 21 19 38
f 10 18 11
f 1 19 21
f 21 23 3
f 2 1 21
f 13 12 17
f 9 8 74
f 9 74 73
f 78 77 16
f 9 73 78
f 9 16 18
f 12 13 14
f 15 16 14
f 15 17 18
f 17 12 11
f 7 11 14
f 23 24 40
f 23 21 22
f 20 40 38
f 4 67 66
f 66 65 33
f 5 31 30
f 5 3 23
f 20 19 1
f 5 23 20
f 28 29 32
f 3 30 27
f 25 26 27
f 32 29 30
f 25 32 31
f 28 27 30
f 26 1 79
f 26 79 84
f 80 2 27
f 81 80 27
f 26 84 83
f 82 81 27
f 26 83 82
f 33 34 35
f 39 37 38
f 36 35 39
f 33 38 37
f 33 36 6
f 48 47 52
f 51 50 49
f 48 52 51
f 38 33 41
f 42 43 53
f 38 41 42
f 54 55 38
f 42 53 54
f 42 48 49
f 46 45 51
f 43 49 50
f 41 47 48
f 46 52 47
f 45 44 50
f 55 56 22
f 22 56 57
f 57 58 53
f 53 58 64
f 64 63 62
f 61 60 59
f 64 62 61
f 57 56 62
f 55 54 60
f 53 59 60
f 57 63 64
f 55 61 62
f 72 69 70
f 41 33 65
f 68 67 4
f 46 41 65
f 44 45 46
f 53 43 44
f 68 4 22
f 46 65 68
f 53 44 46
f 68 22 53
f 68 72 71
f 66 70 69
f 65 69 72
f 67 71 70
f 86 87 88
f 88 89 90
f 90 85 86
f 14 16 77
f 14 77 76
f 74 8 14
f 14 76 75
f 76 77 89
f 80 79 1
f 79 91 96
f 91 92 93
f 93 94 95
f 95 96 91
f 81 82 94
f 74 86 85
f 77 78 90
f 83 95 94
f 74 75 87
f 79 80 92
f 73 85 90
f 84 96 95
f 75 76 88
f 80 81 93
