# Blender 3.4.1
# www.blender.org
o Cube
v -1.127026 1.776010 -0.309768
v -1.108101 1.128269 1.129516
v -2.504565 1.292152 -1.130686
v -1.000000 -0.000000 -1.000000
v 1.000000 2.000000 1.000000
v 1.000000 -0.000000 1.000000
v 1.000000 2.000000 -1.000000
v 0.027847 1.106827 -1.157124
v -0.834593 -0.905959 0.904219
v -1.000000 -1.977968 1.000000
v -1.000000 0.022031 -1.000000
v -1.000000 -1.977968 -1.000000
v 1.000000 0.022031 1.000000
v 1.000000 -1.977968 1.000000
v 1.000000 0.022031 -1.000000
v 1.000000 -1.977968 -1.000000
s 0
f 1 7 5
f 8 3 4
f 8 5 7
f 8 2 6
f 4 1 2
f 2 5 6
f 9 15 11
f 11 16 12
f 15 14 16
f 10 16 14
f 9 12 10
f 14 9 10
f 1 3 7
f 8 7 3
f 8 6 5
f 8 4 2
f 4 3 1
f 2 1 5
f 9 13 15
f 11 15 16
f 15 13 14
f 10 12 16
f 9 11 12
f 14 13 9
